,City,Cloudiness,Country,Date,Humidity,Lat,Lng,Max Temp,Wind Speed
0,Albany,90,US,1627862191,92,42.6001,-73.9662,66.74,2.42
1,Tuktoyaktuk,90,CA,1627862292,88,69.4541,-133.0374,60.8,11.5
2,Beloha,0,MG,1627862292,61,-25.1667,45.05,64.06,7.54
3,Clyde River,40,CA,1627862293,87,70.4692,-68.5914,43.03,19.57
4,Comodoro Rivadavia,0,AR,1627862258,22,-45.8667,-67.5,62.46,12.66
5,Arman',2,RU,1627862294,43,59.7,150.1667,57.94,24.38
6,Busselton,95,AU,1627862294,59,-33.65,115.3333,54.52,8.19
7,Kapaa,57,US,1627862294,78,22.0752,-159.319,84.18,5.99
8,Jamestown,31,US,1627862278,76,42.097,-79.2353,65.17,3.0
9,Ponta do Sol,1,PT,1627862295,81,32.6667,-17.1,72.23,5.41
10,Brusque,100,BR,1627862296,91,-27.0981,-48.9175,63.91,0.13
11,Homer,33,US,1627862296,68,59.6425,-151.5483,75.07,3.24
12,Hobart,40,AU,1627862157,79,-42.8794,147.3294,46.26,1.01
13,Hermanus,96,ZA,1627862297,83,-34.4187,19.2345,55.9,2.57
14,Maragogi,13,BR,1627862297,78,-9.0122,-35.2225,73.62,13.67
15,Mataura,86,NZ,1627862297,87,-46.1927,168.8643,44.47,0.89
16,Pangnirtung,100,CA,1627862298,73,66.1451,-65.7125,52.61,2.15
17,Crixás,16,BR,1627862298,32,-14.5489,-49.9692,77.56,4.52
18,Port Said,0,EG,1627862298,78,31.2565,32.2841,82.38,6.91
19,Rikitea,36,PF,1627862299,57,-23.1203,-134.9692,69.01,19.46
20,Kendari,61,ID,1627862299,88,-3.945,122.4989,77.22,2.55
21,Zarichne,57,UA,1627862300,84,51.8126,26.129,67.19,10.07
22,Mahébourg,75,MU,1627862300,88,-20.4081,57.7,68.29,6.91
23,Airai,25,TL,1627862171,62,-8.9266,125.4092,66.99,4.45
24,Maceió,90,BR,1627862301,88,-9.6658,-35.7353,72.84,6.91
25,Thinadhoo,97,MV,1627862301,72,0.5333,72.9333,81.45,4.63
26,Punta Arenas,40,CL,1627862197,70,-53.15,-70.9167,42.91,23.02
27,San Patricio,98,US,1627862302,62,28.017,-97.5169,93.54,15.61
28,Cape Town,20,ZA,1627862035,85,-33.9258,18.4232,56.88,1.01
29,Sørkjosen,38,NO,1627862303,84,69.8,20.9333,43.36,5.12
30,Port Alfred,51,ZA,1627862303,81,-33.5906,26.891,61.56,23.73
31,Souillac,75,MU,1627862304,88,-20.5167,57.5167,68.38,6.91
32,Zubtsov,100,RU,1627862304,70,56.1753,34.5894,61.68,2.64
33,Muğla Province,1,TR,1627862305,31,37.2303,28.3557,77.67,6.02
34,Nanortalik,100,GL,1627862181,78,60.1432,-45.2371,48.42,10.8
35,Nome,90,US,1627862162,94,64.5011,-165.4064,55.17,11.5
36,Rocha,2,UY,1627862306,94,-34.4833,-54.3333,44.98,3.8
37,Butaritari,8,KI,1627862176,68,3.0707,172.7902,83.21,9.6
38,Praia da Vitória,90,PT,1627862306,100,38.7333,-27.0667,74.75,14.12
39,Yellowknife,20,CA,1627862307,29,62.456,-114.3525,88.32,4.61
40,Manokwari,87,ID,1627862307,74,-0.8667,134.0833,82.49,4.79
41,Khovd,4,MN,1627862307,58,48.0056,91.6419,57.54,1.39
42,Beyneu,2,KZ,1627862308,16,45.3167,55.2,86.04,9.33
43,Krasnokamensk,28,RU,1627862308,65,50.0979,118.0369,64.06,6.38
44,Slave Lake,40,CA,1627862309,73,55.2834,-114.769,76.98,4.61
45,Urucará,96,BR,1627862309,76,-2.5364,-57.76,77.2,3.36
46,Talnakh,100,RU,1627862309,83,69.4865,88.3972,58.1,4.43
47,Codrington,2,AU,1627862245,77,-38.2667,141.9667,49.82,18.28
48,Khandyga,0,RU,1627862310,31,62.6667,135.6,76.33,6.29
49,Lovozero,76,RU,1627862311,89,68.005,35.0117,51.8,7.43
50,Lebu,40,CL,1627862311,79,-37.6167,-73.65,49.69,18.39
51,Matara,100,LK,1627862242,90,5.9485,80.5353,76.89,8.59
52,Sabang,100,ID,1627862235,72,5.8933,95.3214,82.38,26.42
53,Lavrentiya,100,RU,1627862312,84,65.5833,-171.0,41.92,17.72
54,East London,31,ZA,1627862313,66,-33.0153,27.9116,61.81,19.42
55,Timmins,40,CA,1627862091,32,48.4669,-81.3331,69.62,12.66
56,Kununurra,30,AU,1627862313,78,-15.7667,128.7333,76.98,0.0
57,Novozaimka,0,RU,1627862314,96,56.4857,66.9241,58.59,8.84
58,Saint-Philippe,48,RE,1627862314,74,-21.3585,55.7679,65.75,7.2
59,Ushuaia,75,AR,1627862254,70,-54.8,-68.3,40.66,25.32
60,Port-Gentil,75,GA,1627862315,94,-0.7193,8.7815,75.16,10.36
61,Hasaki,9,JP,1627862175,81,35.7333,140.8333,86.29,9.24
62,Novoagansk,100,RU,1627862315,76,61.9449,76.6625,54.43,7.14
63,Vardø,100,NO,1627862316,98,70.3705,31.1107,50.07,4.61
64,Tashigang,52,BT,1627862317,94,27.3331,91.5542,70.54,1.86
65,Vaini,75,TO,1627862317,83,-21.2,-175.2,73.56,21.85
66,Thompson,20,CA,1627862317,32,55.7435,-97.8558,84.36,12.66
67,Avarua,75,CK,1627862318,94,-21.2078,-159.775,73.45,20.71
68,Narsaq,100,GL,1627862318,74,60.9167,-46.05,51.1,9.35
69,New Norfolk,42,AU,1627862319,84,-42.7826,147.0587,45.91,2.93
70,Şabrātah,1,LY,1627862319,28,32.7933,12.4885,90.64,8.97
71,Qasigiannguit,1,GL,1627862320,61,68.8193,-51.1922,50.63,6.33
72,Kalmar,75,SE,1627862320,85,56.6616,16.3616,61.97,3.44
73,Cabo San Lucas,50,MX,1627862321,70,22.8909,-109.9124,98.51,4.0
74,Safi,69,MA,1627862321,83,32.2994,-9.2372,66.74,15.28
75,Bandar-e Lengeh,5,IR,1627862322,67,26.5579,54.8807,91.4,2.46
76,Kavaratti,85,IN,1627862322,77,10.5669,72.642,82.0,15.68
77,Muravlenko,100,RU,1627862323,71,63.7898,74.523,57.92,10.36
78,Qaanaaq,86,GL,1627862323,85,77.484,-69.3632,42.12,2.13
79,Nalgonda,93,IN,1627862324,71,17.05,79.2667,77.7,15.79
80,Sooke,74,CA,1627862324,56,48.3746,-123.7276,83.41,9.66
81,Lorengau,30,PG,1627862325,69,-2.0226,147.2712,85.71,11.9
82,Otradnoye,50,RU,1627862326,92,59.7775,30.8181,60.96,5.77
83,Taicheng,22,CN,1627862326,62,38.731,113.228,66.92,1.48
84,Tarata,86,BO,1627862326,87,-17.6167,-66.0167,51.22,6.04
85,Berlevåg,100,NO,1627862277,93,70.8578,29.0864,45.73,18.54
86,Barrow,75,US,1627862327,77,71.2906,-156.7887,48.22,14.97
87,Ladário,51,BR,1627862327,36,-19.0047,-57.6017,69.75,7.25
88,Rome,75,US,1627862328,94,43.2128,-75.4557,63.9,0.0
89,Gijang,75,KR,1627862308,77,35.2442,129.2139,85.73,7.36
90,Nagato,100,JP,1627862329,89,34.3833,131.2,84.11,8.93
91,Hilo,75,US,1627862082,78,19.7297,-155.09,79.11,5.01
92,Bluff,98,NZ,1627862329,81,-46.6,168.3333,44.8,7.78
93,Chui,30,UY,1627862330,93,-33.6971,-53.4616,49.77,5.7
94,Naze,90,JP,1627862330,86,28.3667,129.4833,83.32,14.94
95,Tirat Carmel,0,IL,1627862331,80,32.7617,34.9719,75.61,1.9
96,Kushiro,75,JP,1627862331,100,42.975,144.3747,68.95,6.91
97,Bengkulu,94,ID,1627862332,89,-3.8004,102.2655,74.19,3.98
98,Chiredzi,0,ZW,1627862332,46,-21.05,31.6667,56.1,4.27
99,Tuatapere,100,NZ,1627862332,90,-46.1333,167.6833,44.82,2.95
100,Hachinohe,3,JP,1627862333,68,40.5,141.5,80.82,5.32
101,Leningradskiy,100,RU,1627862333,99,69.3833,178.4167,34.45,18.07
102,Khatanga,41,RU,1627862334,65,71.9667,102.5,65.07,9.57
103,Bathsheba,40,BB,1627862238,78,13.2167,-59.5167,81.21,10.36
104,Castro,58,BR,1627862172,91,-24.7911,-50.0119,46.58,3.13
105,Longyearbyen,75,SJ,1627862334,70,78.2186,15.6401,44.44,13.8
106,Copiapó,0,CL,1627862335,42,-27.3667,-70.3333,51.49,0.94
107,Jiuquan,100,CN,1627862335,53,39.7432,98.5174,64.94,3.98
108,Paamiut,100,GL,1627862336,96,61.994,-49.6678,45.9,4.21
109,Seydi,19,TM,1627862336,13,39.4816,62.9137,79.36,10.11
110,Mar del Plata,90,AR,1627862266,31,-38.0023,-57.5575,45.09,4.0
111,Anadyr,40,RU,1627862337,76,64.75,177.4833,48.7,4.47
112,Junín,19,AR,1627862047,62,-34.5838,-60.9433,46.98,6.73
113,Mogadishu,66,SO,1627862338,86,2.0371,45.3438,75.45,17.56
114,Columbus,1,US,1627861888,57,39.9612,-82.9988,75.88,7.0
115,Ariquemes,3,BR,1627862338,40,-9.9133,-63.0408,76.15,2.71
116,Bāfq,42,IR,1627862339,14,31.6128,55.4107,83.8,7.54
117,Arraial do Cabo,0,BR,1627862188,77,-22.9661,-42.0278,64.26,6.91
118,Iqaluit,90,CA,1627862194,87,63.7506,-68.5145,49.73,5.75
119,Bethel,51,US,1627862194,91,41.3712,-73.414,71.76,4.88
120,Daru,16,PG,1627862340,68,-9.0763,143.2092,79.32,14.05
121,San Jerónimo,87,PE,1627862340,71,-11.9472,-75.2829,48.27,5.5
122,Patria,100,PH,1627862341,84,11.7403,122.0171,82.24,15.23
123,Huichapan,54,MX,1627862341,57,20.3833,-99.65,69.08,16.02
124,Pevek,100,RU,1627862342,92,69.7008,170.3133,34.29,16.71
125,Skibbereen,93,IE,1627862342,87,51.55,-9.2667,57.0,6.58
126,Tabou,91,CI,1627862343,79,4.423,-7.3528,76.57,5.82
127,Bambous Virieux,75,MU,1627862170,88,-20.3428,57.7575,68.25,6.91
128,Tumut,0,AU,1627862344,64,-35.3,148.2167,40.19,1.45
129,Gizo Government Station,49,SB,1627862344,80,-8.103,156.8419,80.85,11.61
130,Helong,97,CN,1627862344,99,42.5397,128.9972,72.63,3.62
131,Savannah Bight,37,HN,1627862345,81,16.45,-85.85,87.85,18.77
132,Linhares,85,BR,1627862345,75,-19.3911,-40.0722,64.45,3.76
133,Tasiilaq,59,GL,1627862346,77,65.6145,-37.6368,41.85,5.77
134,Hirara,75,JP,1627862346,94,24.8,125.2833,79.07,9.22
135,Novo Aripuanã,51,BR,1627862346,43,-5.1206,-60.3797,80.33,1.43
136,Vung Tau,97,VN,1627862347,83,10.346,107.0843,80.82,16.49
137,Aklavik,99,CA,1627862347,47,68.2191,-135.0107,81.32,9.17
138,Emba,10,KZ,1627862348,39,48.8264,58.1442,78.57,8.84
139,Broken Hill,0,AU,1627862275,76,-31.95,141.4333,49.71,14.97
140,Olafsvik,99,IS,1627862202,92,64.8945,-23.7142,53.71,3.06
141,Klichka,46,RU,1627862348,68,50.4457,117.996,62.26,4.99
142,Bredasdorp,88,ZA,1627862349,82,-34.5322,20.0403,56.52,2.3
143,Kudahuvadhoo,98,MV,1627862349,74,2.6708,72.8944,81.63,8.08
144,Dalmatovo,15,RU,1627862350,89,56.26,62.9362,58.33,7.96
145,Provideniya,90,RU,1627862350,76,64.3833,-173.3,44.71,20.13
146,Belaya Gora,4,RU,1627862240,43,68.5333,146.4167,50.25,6.15
147,Sitka,94,US,1627862351,75,57.0531,-135.33,65.26,4.52
148,Yarim,100,YE,1627862351,69,14.298,44.3779,58.3,6.24
149,Dicabisagan,100,PH,1627862352,69,17.0818,122.4157,85.75,2.44
150,Saint Paul Harbor,94,US,1627862352,92,57.79,-152.4072,56.95,6.24
151,Joshīmath,84,IN,1627862352,89,30.5667,79.5667,70.03,1.19
152,Nambour,10,AU,1627862353,84,-26.6333,152.95,75.11,1.01
153,Quatre Cocos,49,MU,1627862353,67,-20.2078,57.7625,68.11,12.41
154,Sembakung,100,ID,1627862279,95,3.8167,117.25,76.93,3.31
155,Hay River,75,CA,1627862354,39,60.8156,-115.7999,82.38,6.91
156,Cervo,16,ES,1627862354,84,43.6702,-7.4101,60.96,2.86
157,Severo-Kuril'sk,1,RU,1627862355,69,50.6789,156.125,56.82,14.54
158,San Andrés,75,CO,1627862355,74,12.5847,-81.7006,86.02,16.11
159,Mayo,40,US,1627862355,91,38.8876,-76.5119,78.87,3.0
160,Kuril'sk,100,RU,1627862356,91,45.2333,147.8833,58.59,8.46
161,Dikson,99,RU,1627862356,99,73.5069,80.5464,40.66,9.08
162,Broome,100,US,1627862357,97,42.2506,-75.833,63.19,2.55
163,Rovaniemi,20,FI,1627862357,93,66.5,25.7167,53.01,6.91
164,São João da Barra,94,BR,1627862358,63,-21.6403,-41.0511,67.59,8.72
165,Richmond,61,US,1627862237,83,37.5538,-77.4603,80.29,5.84
166,Gossas,82,SN,1627862359,74,14.4912,-16.0642,86.02,9.04
167,Kingaroy,75,AU,1627862359,96,-26.5333,151.8333,69.04,4.61
168,Egvekinot,67,RU,1627862359,60,66.3167,-179.1667,44.08,0.72
169,Alghero,0,IT,1627862360,77,40.5589,8.3181,68.99,2.3
170,São Filipe,10,CV,1627862360,77,14.8961,-24.4956,75.69,4.41
171,Lixouri,0,GR,1627862361,49,38.2019,20.4314,82.13,4.68
172,Nikolskoye,50,RU,1627862361,90,59.7035,30.7861,60.8,5.77
173,Mwinilunga,2,ZM,1627862362,56,-11.7358,24.4293,56.14,3.96
174,Mount Isa,10,AU,1627862362,41,-20.7333,139.5,76.77,0.0
175,Stornoway,90,GB,1627862362,76,58.2093,-6.3865,50.94,6.91
176,Necochea,2,AR,1627862363,75,-38.5473,-58.7368,40.03,9.19
177,Caçu,3,BR,1627862363,37,-18.5567,-51.1308,68.52,3.53
178,Rantauprapat,100,ID,1627862364,88,2.1,99.8333,74.14,1.92
179,Port Moresby,1,PG,1627862364,61,-9.4431,147.1797,78.22,3.44
180,Baghmara,100,IN,1627862364,86,23.795,86.2085,78.31,3.74
181,Cayenne,0,GF,1627862365,79,4.9333,-52.3333,82.09,1.01
182,Stokke,90,NO,1627862365,63,59.2236,10.3003,58.89,12.66
183,Anamur,0,TR,1627862365,35,36.0751,32.8369,85.6,7.31
184,Ilulissat,1,GL,1627862366,62,69.2167,-51.1,49.78,9.69
185,Yulara,0,AU,1627862366,43,-25.2406,130.9889,51.64,10.36
186,Hofn,99,IS,1627862367,94,64.2539,-15.2082,53.82,2.42
187,Arrondissement de Vierzon,72,FR,1627862367,74,47.2101,2.0625,59.92,6.55
188,Pop,91,UZ,1627862368,50,40.8736,71.1089,79.29,6.35
189,Yar-Sale,100,RU,1627862368,98,66.8333,70.8333,54.73,14.85
190,San Jose,1,US,1627862163,56,37.3394,-121.895,88.52,1.99
191,Innisfail,72,AU,1627862365,61,-17.5333,146.0333,75.43,6.11
192,Malakal,98,SS,1627862369,96,9.5334,31.6605,70.74,2.06
193,Mossamedes,61,AO,1627862156,86,-15.1961,12.1522,67.62,1.72
194,Winnemucca,84,US,1627862370,21,40.973,-117.7357,87.12,4.03
195,Buala,99,SB,1627862370,86,-8.145,159.5921,78.76,7.47
196,Palomares,89,MX,1627862371,88,17.15,-95.0667,79.77,3.85
197,Torbay,20,CA,1627862371,79,47.6666,-52.7314,63.68,13.8
198,Santa Rosa,100,PH,1627862183,76,14.3122,121.1114,85.86,15.46
199,Bilma,1,NE,1627862372,11,18.6853,12.9164,92.82,6.15
200,Zhuhai,20,CN,1627862372,84,22.2769,113.5678,86.05,1.14
201,Huarmey,14,PE,1627862373,82,-10.0681,-78.1522,65.21,8.7
202,Malumfashi,92,NG,1627862373,96,11.7853,7.6218,68.9,8.52
203,‘Āhuimanu,12,US,1627862374,60,21.4447,-157.8378,85.78,21.77
204,Ancud,60,CL,1627862374,84,-41.8697,-73.8203,47.73,3.15
205,Hong Kong,95,HK,1627862132,87,22.2855,114.1577,87.33,1.01
206,Geraldton,4,AU,1627862375,93,-28.7667,114.6,45.01,11.5
207,Yumbing,100,PH,1627862375,79,9.2393,124.6578,83.26,11.9
208,Aginskoye,35,RU,1627862375,72,51.1,114.53,64.33,3.09
209,Lüderitz,0,NA,1627862376,38,-26.6481,15.1594,64.56,6.42
210,Natal,0,BR,1627862124,78,-5.795,-35.2094,77.65,12.66
211,Kruisfontein,87,ZA,1627862376,80,-34.0033,24.7314,55.89,13.58
212,Yeppoon,0,AU,1627862377,64,-23.1333,150.7333,71.38,6.06
213,Tiksi,23,RU,1627862377,66,71.6872,128.8694,50.47,5.77
214,Fortuna,20,US,1627862377,72,40.5982,-124.1573,69.93,7.0
215,Hithadhoo,93,MV,1627862378,71,-0.6,73.0833,81.45,7.67
216,College,97,US,1627862378,55,64.8569,-147.8028,79.0,1.28
217,Goderich,64,CA,1627862379,72,43.7501,-81.7165,65.91,6.91
218,Orapa,0,BW,1627862379,42,-21.2833,25.3667,53.76,8.7
219,Cidreira,83,BR,1627862379,93,-30.1811,-50.2056,56.75,8.1
220,Reshetylivka,4,UA,1627862380,51,49.565,34.0782,72.28,6.71
221,Frontera,1,MX,1627862380,26,26.9333,-101.45,97.99,17.58
222,Boyolangu,60,ID,1627862381,87,-8.1181,111.8935,75.65,7.67
223,Kherson,0,UA,1627862381,100,46.6558,32.6178,75.45,5.37
224,Kochubey,82,RU,1627862382,69,44.3861,46.5825,76.05,9.4
225,George Town,20,MY,1627862299,92,5.4112,100.3354,76.89,0.0
226,San Lorenzo,1,PY,1627862245,67,-25.3333,-57.5333,58.59,1.99
227,Belmonte,93,BR,1627862383,67,-15.8631,-38.8828,66.7,14.81
228,Atuona,34,PF,1627862161,72,-9.8,-139.0333,76.98,10.58
229,Sarakhs,1,IR,1627862383,19,36.5449,61.1577,77.14,6.91
230,Lac du Bonnet,20,CA,1627862384,29,50.2536,-96.0612,79.59,5.21
231,Luanda,75,AO,1627862384,88,-8.8368,13.2343,73.4,4.61
232,Pyinmana,100,MM,1627862384,97,19.7333,96.2167,74.39,5.86
233,Port Hedland,0,AU,1627862385,42,-20.3167,118.5667,62.65,10.36
234,Along,30,IN,1627862385,97,28.1667,94.7667,73.98,1.1
235,Queanbeyan,75,AU,1627862386,91,-35.35,149.2333,43.61,5.75
236,Saldanha,51,ZA,1627862386,86,-33.0117,17.9442,46.45,8.32
237,Saskylakh,0,RU,1627862386,40,71.9167,114.0833,76.91,4.83
238,Mount Gambier,20,AU,1627862387,81,-37.8333,140.7667,48.11,12.66
239,Taksimo,100,RU,1627862387,97,56.3444,114.8794,54.27,2.62
240,Saint-Joseph,37,RE,1627862388,73,-21.3667,55.6167,64.76,7.96
241,Lensk,100,RU,1627862388,52,60.7253,114.9278,67.96,6.49
242,Te Anau,99,NZ,1627862389,85,-45.4167,167.7167,47.61,2.08
243,Hīrna,80,ET,1627862389,77,9.2167,41.1,60.67,6.78
244,Carnarvon,0,AU,1627862389,66,-24.8667,113.6333,48.27,9.22
245,Pringsewu,42,ID,1627862390,95,-5.3582,104.9744,73.81,1.43
246,Carora,36,VE,1627862390,58,10.1755,-70.0827,81.84,15.35
247,Coyhaique,75,CL,1627862215,71,-45.5752,-72.0662,49.95,4.61
248,Itupiranga,83,BR,1627862391,45,-5.1347,-49.3267,83.25,0.16
249,Palmer,90,US,1627862391,71,42.1584,-72.3287,71.15,1.99
250,Upernavik,17,GL,1627862392,81,72.7868,-56.1549,42.55,10.6
251,Aswān,0,EG,1627862392,15,24.0934,32.907,92.5,4.61
252,Manta,20,EC,1627862392,78,-0.95,-80.7333,74.98,16.11
253,Biloela,0,AU,1627862393,60,-24.4167,150.5,72.57,7.74
254,Constitución,0,CL,1627862393,67,-35.3333,-72.4167,53.6,7.02
255,Grindavik,90,IS,1627862277,93,63.8424,-22.4338,53.56,3.44
256,Lata,92,PT,1627862394,99,40.1629,-8.3327,67.05,0.89
257,Luhyny,62,UA,1627862395,82,51.082,28.4006,67.08,6.31
258,Asilah,47,MA,1627862395,78,35.465,-6.0348,73.26,9.55
259,Norman Wells,20,CA,1627862395,19,65.282,-126.8329,91.44,3.44
260,General José Eduvigis Díaz,0,PY,1627862396,61,-27.1667,-58.4167,60.03,6.2
261,Boueni,0,YT,1627862396,68,-12.9025,45.0761,75.18,17.78
262,Haines Junction,14,CA,1627862397,32,60.7522,-137.5108,80.55,8.05
263,Puerto Ayora,55,EC,1627862397,92,-0.7393,-90.3518,71.55,5.01
264,Zaysan,0,KZ,1627862398,36,47.4667,84.8667,66.99,5.99
265,Xai-Xai,1,MZ,1627862398,59,-25.0519,33.6442,61.02,7.23
266,Manjacaze,1,MZ,1627862399,63,-24.7117,33.8828,57.78,6.24
267,Seoul,90,KR,1627862292,92,37.5683,126.9778,79.99,5.75
268,Samarai,88,PG,1627862400,62,-10.6167,150.6667,78.6,8.25
269,Poum,3,NC,1627862400,55,-20.2333,164.0167,69.62,11.5
270,Seville,0,ES,1627862400,61,37.3824,-5.9761,72.91,3.0
271,Estrela,65,BR,1627862401,94,-28.0611,-50.9383,44.38,2.06
272,Rivadavia,0,AR,1627862402,31,-33.1905,-68.4608,53.55,5.28
273,Ushtobe,0,KZ,1627862404,21,45.2514,77.9838,67.66,7.81
274,Verkhnevilyuysk,100,RU,1627862405,54,63.4453,120.3167,72.5,6.64
275,Sioux Lookout,73,CA,1627862406,44,50.1001,-91.917,72.05,6.24
276,Petropavlovsk-Kamchatskiy,0,RU,1627862407,52,53.0452,158.6483,68.59,6.71
277,North Bend,57,US,1627862408,100,43.4065,-124.2243,69.93,1.01
278,Ürümqi,0,CN,1627862409,42,43.801,87.6005,65.35,8.95
279,Buy,65,RU,1627862410,98,58.4786,41.53,58.6,5.26
280,Ambilobe,8,MG,1627862411,81,-13.2,49.05,66.97,2.55
281,Waliso,91,ET,1627862412,96,8.5333,37.9833,56.91,1.28
282,Keffi,100,NG,1627862412,96,8.8486,7.8736,70.0,1.61
283,Huilong,0,CN,1627862267,87,31.8111,121.655,87.04,7.65
284,Sisimiut,0,GL,1627862413,67,66.9395,-53.6735,51.71,5.88
285,Pochutla,72,MX,1627862414,82,15.7432,-96.4661,81.79,3.22
286,Hervey Bay,2,AU,1627862414,86,-25.2986,152.8535,77.04,4.0
287,Igunga,37,TZ,1627862414,51,-4.2833,33.8833,66.43,8.5
288,Belinsky,74,RU,1627862415,58,52.9647,43.4165,68.72,5.77
289,Sola,99,VU,1627862415,63,-13.8833,167.55,75.29,12.3
290,Kavieng,4,PG,1627862157,74,-2.5744,150.7967,83.41,8.84
291,Laguna,1,US,1627862416,26,38.421,-121.4238,105.44,7.0
292,Salalah,100,OM,1627862416,95,17.0151,54.0924,75.09,5.59
293,Grand Gaube,27,MU,1627862417,85,-20.0064,57.6608,66.38,4.0
294,Ketchikan,99,US,1627862418,69,55.3422,-131.6461,68.0,3.31
295,Naryan-Mar,70,RU,1627862419,95,67.6713,53.087,46.67,7.14
296,Tura,89,IN,1627862420,98,25.5198,90.2201,73.96,3.36
297,Edd,100,ER,1627862420,67,13.9297,41.6925,89.64,5.86
298,Santa Barbara,1,US,1627862215,41,34.7333,-120.0343,82.35,13.8
299,Pa Sang,100,TH,1627862421,87,18.5262,98.9394,79.0,1.72
300,Bambanglipuro,46,ID,1627862257,83,-7.95,110.2833,76.87,7.25
301,Los Llanos de Aridane,75,ES,1627862422,68,28.6585,-17.9182,68.13,17.27
302,Tula,67,RU,1627862420,71,54.2044,37.6111,67.3,3.87
303,Adrar,30,MR,1627862423,29,20.5022,-10.0711,92.21,7.07
304,Camabatela,5,AO,1627862424,75,-8.1881,15.375,58.73,3.06
305,Rio Grande,15,BR,1627862425,93,-32.035,-52.0986,48.94,5.53
306,Dingle,100,PH,1627862197,76,10.9995,122.6711,83.61,12.66
307,Ribeira Grande,67,PT,1627862426,95,38.5167,-28.7,73.15,12.66
308,Marsh Harbour,70,BS,1627862426,73,26.5412,-77.0636,84.47,12.17
309,Taxisco,49,GT,1627862296,81,14.0708,-90.4631,91.74,4.92
310,Tautira,30,PF,1627862427,64,-17.7333,-149.15,82.42,7.09
311,Terney,99,RU,1627862428,91,45.0503,136.6092,68.2,8.77
312,Fairbanks,97,US,1627862287,53,64.8378,-147.7164,79.02,1.28
313,Sambava,97,MG,1627862429,86,-14.2667,50.1667,68.5,9.51
314,Saint-Louis,71,SN,1627862430,53,16.3333,-15.0,86.83,12.73
315,Chokurdakh,43,RU,1627862289,59,70.6333,147.9167,44.22,8.55
316,Barzas,86,RU,1627862430,86,55.7167,86.3167,57.43,0.89
317,La Ronge,10,CA,1627862431,32,55.1001,-105.2842,80.4,2.77
318,San Policarpo,98,PH,1627862432,70,12.1791,125.5072,85.17,9.75
319,Hualmay,9,PE,1627862432,81,-11.0964,-77.6139,64.45,10.6
320,Takoradze,38,GH,1627862433,91,4.8845,-1.7554,75.07,5.19
321,Nizwá,100,OM,1627862434,48,22.9333,57.5333,87.03,2.46
322,Saint George,75,US,1627862434,30,37.1041,-113.5841,96.64,8.99
323,Kalmunai,100,LK,1627862435,77,7.4167,81.8167,79.95,5.73
324,Mēga,61,ET,1627862436,74,4.05,38.3,56.1,17.45
325,Coos Bay,51,US,1627862436,100,43.3665,-124.2179,78.31,1.01
326,Shache,100,CN,1627862437,55,38.4167,77.2406,69.62,8.97
327,Orlik,100,RU,1627862438,97,52.5178,99.825,49.1,4.23
328,Husavik,67,IS,1627862438,70,66.0449,-17.3389,53.92,1.19
329,Coquimbo,0,CL,1627862439,69,-29.9533,-71.3436,59.61,1.72
330,Baturaja,68,ID,1627862440,95,-4.1333,104.1667,72.91,1.79
331,Elliot,60,ZA,1627862440,29,-31.3333,27.85,48.15,7.45
332,Port Lincoln,42,AU,1627862441,89,-34.7333,135.8667,50.2,20.74
333,Sobolevo,100,RU,1627862441,80,54.4299,31.8996,65.7,6.29
334,Fonte Boa,83,BR,1627862442,68,-2.4959,-66.2662,74.35,3.51
335,Shimoda,5,JP,1627862443,71,34.6667,138.95,85.1,6.15
336,Peterhead,61,GB,1627862444,77,57.5058,-1.7981,52.2,10.38
337,Itaituba,95,BR,1627862444,55,-4.2761,-55.9836,81.72,2.06
338,Katsuura,11,JP,1627862445,76,35.1333,140.3,86.14,7.29
339,Playa del Carmen,19,MX,1627862202,85,20.6274,-87.0799,86.05,7.25
340,Riyadh,4,SA,1627862304,11,24.6877,46.7219,91.54,4.45
341,Katrineholm,36,SE,1627862446,89,58.9959,16.2072,57.09,3.8
342,Carson City,1,US,1627862446,23,39.1638,-119.7674,91.49,1.99
343,Andenes,90,NO,1627862447,93,69.3143,16.1194,46.38,10.36
344,Vangaindrano,85,MG,1627862448,90,-23.35,47.6,64.83,4.99
345,La Rioja,27,ES,1627862448,88,42.25,-2.5,52.05,4.5
346,Taoudenni,76,ML,1627862449,26,22.6783,-3.9836,97.54,14.18
347,Nago,94,JP,1627862450,86,26.5881,127.9761,84.63,12.55
348,Santa Vitória do Palmar,37,BR,1627862358,93,-33.5189,-53.3681,49.82,5.39
349,Camacha,40,PT,1627862451,83,33.0833,-16.3333,68.76,13.8
350,Ayan,98,RU,1627862451,84,56.45,138.1667,57.74,27.04
351,Nyuksenitsa,74,RU,1627862452,98,60.4128,44.2397,58.14,7.0
352,Phan Thiet,94,VN,1627862452,80,10.9333,108.1,80.58,13.44
353,Saryozek,6,KZ,1627862453,19,44.3583,77.9753,61.54,1.79
354,Abū Zabad,97,SD,1627862453,74,12.35,29.25,73.94,8.75
355,Dryden,76,CA,1627862454,43,49.7833,-92.7503,72.93,4.23
356,Lagoa,34,PT,1627862455,96,39.05,-27.9833,71.82,15.03
357,Tiarei,14,PF,1627862455,64,-17.5333,-149.3333,82.42,7.92
358,Fort Nelson,1,CA,1627862312,38,58.8053,-122.7002,92.79,3.44
359,Berdigestyakh,100,RU,1627862456,44,62.0989,126.6992,73.89,9.15
360,Bandarbeyla,10,SO,1627862457,63,9.4942,50.8122,82.29,27.07
361,Komsomolets,92,KZ,1627862457,75,53.7453,62.0708,64.13,5.59
362,Nioaque,100,BR,1627862458,54,-21.1353,-55.83,63.9,4.14
363,Kaniama,74,CD,1627862458,40,-7.5667,24.1833,67.71,4.79
364,Vao,43,NC,1627862459,56,-22.6667,167.4833,66.96,10.51
365,Samaná,86,DO,1627862459,84,19.2056,-69.3369,79.29,9.19
366,Kanniyākumāri,98,IN,1627862460,78,8.0833,77.5667,79.34,19.57
367,Chul'man,100,RU,1627862460,98,56.8479,124.9104,52.54,2.57
368,Mitsamiouli,3,KM,1627862461,72,-11.3847,43.2844,75.81,6.44
369,Port Elizabeth,20,ZA,1627862175,72,-33.918,25.5701,61.09,27.63
370,Beringovskiy,42,RU,1627862462,78,63.05,179.3167,46.65,19.86
371,Pisco,5,PE,1627862463,89,-13.7,-76.2167,62.02,3.87
372,Djougou,90,BJ,1627862463,91,9.7085,1.666,70.59,3.51
373,Bogo,100,PH,1627862464,72,11.0517,124.0055,84.06,9.4
374,Mestia,11,GE,1627862464,91,43.0458,42.7278,57.04,2.75
375,Ejido,85,VE,1627862465,93,8.5514,-71.2375,69.19,6.8
376,Padang,98,ID,1627862345,90,-0.9492,100.3543,75.25,5.3
377,Bariloche,97,AR,1627862466,53,-41.1456,-71.3082,44.44,6.2
378,Rørvik,76,NO,1627862466,66,64.8621,11.2373,52.0,13.15
379,Tessalit,6,ML,1627862467,41,20.1986,1.0114,85.57,10.42
380,Guaraniaçu,17,BR,1627862405,71,-25.1008,-52.8781,50.13,2.08
381,Kaitangata,55,NZ,1627862468,66,-46.2817,169.8464,53.92,3.02
382,Coahuayana Viejo,16,MX,1627862468,72,18.7333,-103.6833,86.41,4.99
383,Carutapera,65,BR,1627862468,89,-1.195,-46.02,74.1,2.17
384,Dwārka,100,IN,1627862469,83,22.2394,68.9678,81.14,22.5
385,Kongolo,44,CD,1627862469,40,-5.3833,27.0,74.05,2.77
386,Cássia,4,BR,1627862470,54,-20.5831,-46.9219,61.88,2.8
387,Vaitape,29,PF,1627862470,68,-16.5167,-151.75,77.76,13.69
388,Semporna,92,MY,1627862471,81,4.4818,118.6112,80.83,3.49
389,Kaoma,7,ZM,1627862471,69,-14.7833,24.8,52.75,6.33
390,Caravelas,96,BR,1627862472,66,-17.7125,-39.2481,68.99,8.59
391,DeKalb County,1,US,1627862473,67,33.7504,-84.2333,84.9,8.05
392,Tinyahuarco,78,PE,1627862473,88,-10.75,-76.3,35.64,6.87
393,Muswellbrook,91,AU,1627862473,71,-32.2667,150.9,57.97,7.34
394,Mehrān,0,IR,1627862474,12,33.1222,46.1646,96.37,8.01
395,Road Town,3,VG,1627862405,76,18.4167,-64.6167,82.2,15.73
396,Dhule,98,IN,1627862474,72,20.9,74.7833,78.89,16.4
397,Shelburne,92,CA,1627862475,73,44.0787,-80.2041,61.41,11.54
398,Santa Isabel Rio Negro,97,BR,1627862206,73,-0.4139,-65.0192,74.98,1.68
399,Itarema,87,BR,1627862476,74,-2.9248,-39.9167,78.31,11.63
400,Kodinsk,100,RU,1627862476,96,58.6881,99.1844,58.41,6.13
401,Alyangula,30,AU,1627862477,71,-13.8483,136.4192,78.35,10.42
402,Mangai,23,CD,1627862477,36,-4.05,19.5333,68.38,1.01
403,Bocas del Toro,98,PA,1627862477,81,9.3333,-82.25,84.07,9.57
404,Kagoro,87,NG,1627862478,98,9.6,8.3833,64.78,0.85
405,Brejo,95,BR,1627862478,65,-3.6844,-42.7503,76.33,4.03
406,Spas-Demensk,99,RU,1627862479,92,54.4122,34.0226,63.14,3.87
407,Cherskiy,94,RU,1627862479,68,68.75,161.3,41.54,20.27
408,Porto-Novo,56,BJ,1627862188,89,6.4965,2.6036,78.62,5.17
409,Benjamin Constant,80,BR,1627862480,72,-4.3831,-70.0311,71.01,1.05
410,Fallon,16,US,1627862480,24,39.4735,-118.7774,90.45,7.58
411,Tandil,1,AR,1627862401,64,-37.3217,-59.1332,41.31,4.59
412,Paiçandu,67,BR,1627862481,63,-23.4575,-52.0486,57.47,3.36
413,Río Gallegos,93,AR,1627862481,79,-51.6226,-69.2181,41.36,16.24
414,Palekastro,0,GR,1627862481,54,35.2,26.25,82.63,14.7
415,Khasan,96,RU,1627862482,90,42.4308,130.6434,75.61,19.28
416,Kinkala,38,CG,1627862482,64,-4.3614,14.7644,72.93,6.46
417,Matamoros,5,MX,1627862483,32,25.5333,-103.25,92.1,9.42
418,Saint Anthony,75,US,1627862483,42,45.0205,-93.218,78.94,4.0
419,Zhoucheng,32,CN,1627862483,78,35.9122,116.3117,78.26,9.75
420,Warmbad,3,NA,1627862484,24,-28.45,18.7333,57.65,4.16
421,Ayr,0,GB,1627862484,87,55.4627,-4.6339,56.48,3.44
422,Vila Velha,19,BR,1627862485,70,-20.3297,-40.2925,52.95,4.97
423,Leh,45,IN,1627862485,56,34.1667,77.5833,60.49,6.69
424,Okitipupa,100,NG,1627862486,96,6.5047,4.7839,73.08,3.0
425,La Paz,20,BO,1627862305,70,-16.5,-68.15,44.58,11.5
426,Yamada,10,JP,1627862486,73,39.4667,141.95,83.05,9.28
427,Mimoso do Sul,20,BR,1627862487,88,-21.0642,-41.3664,57.02,1.48
428,Houma,86,US,1627862449,68,29.5958,-90.7195,90.0,5.99
429,Eyl,48,SO,1627862487,67,7.9803,49.8164,80.53,29.53
430,Mehamn,100,NO,1627862488,91,71.0357,27.8492,45.01,17.76
431,Centerville,1,US,1627862488,57,39.6284,-84.1594,75.65,4.61
432,San Cristobal,84,VE,1627862488,98,7.7669,-72.225,66.88,6.02
433,Evensk,100,RU,1627862219,73,61.95,159.2333,50.02,19.75
434,Ostrovnoy,37,RU,1627862489,89,68.0531,39.5131,48.33,8.14
435,Biak,24,ID,1627862220,74,-0.9131,122.8766,79.12,6.4
436,Amapá,18,BR,1627862490,98,1.0,-52.0,71.13,2.82
437,Ojinaga,75,MX,1627862490,54,29.5667,-104.4167,85.57,5.75
438,Northam,18,GB,1627862490,89,51.0333,-4.2167,58.14,6.73
439,San Fernando del Valle de Catamarca,0,AR,1627862491,36,-28.4696,-65.7852,52.59,8.77
440,Walvis Bay,0,NA,1627862491,22,-22.9575,14.5053,72.09,11.07
441,Ajdabiya,0,LY,1627862492,44,30.7554,20.2263,82.83,7.99
442,Faanui,28,PF,1627862215,68,-16.4833,-151.75,77.79,13.69
443,Kommunar,49,RU,1627862226,84,59.6206,30.39,60.44,6.4
444,Sørland,76,NO,1627862492,73,67.667,12.6934,49.28,12.77
445,Staraya Mayna,88,RU,1627862493,70,54.6,48.95,68.52,5.14
446,Srednekolymsk,100,RU,1627862493,61,67.45,153.6833,41.72,10.2
447,Nemuro,100,JP,1627862494,99,43.3236,145.575,63.03,5.68
448,Ko Samui,100,TH,1627862494,79,9.5357,99.9357,81.73,17.9
449,Kita,34,ML,1627862494,97,13.0349,-9.4895,71.58,2.89
450,Crotone,3,IT,1627862495,43,39.0851,17.1178,85.1,5.53
451,Mareeba,44,AU,1627862198,73,-17.0,145.4333,75.49,5.3
452,Tommot,100,RU,1627862495,96,58.9564,126.2925,56.89,7.31
453,Alice Springs,71,AU,1627862496,30,-23.7,133.8833,65.75,17.27
454,Miechów,100,PL,1627862496,94,50.3565,20.0279,60.19,12.66
455,Jiangyou,0,CN,1627862497,74,31.7667,104.7167,79.72,3.22
456,Nicoya,99,CR,1627862497,86,10.1483,-85.452,78.19,3.87
457,Usogorsk,42,RU,1627862498,95,63.4106,48.6872,56.16,4.72
458,Vestmannaeyjar,86,IS,1627862339,90,63.4427,-20.2734,53.82,5.21
459,Brae,100,GB,1627862498,80,60.3964,-1.353,48.11,12.46
460,Iguatemi,61,BR,1627862498,83,-23.6803,-54.5611,56.16,2.24
461,Moose Factory,19,CA,1627862499,71,51.2585,-80.6094,55.13,4.99
462,Oranjemund,1,NA,1627862499,72,-28.55,16.4333,56.64,6.22
463,Gunnedah,0,AU,1627862500,75,-30.9833,150.25,58.62,3.0
464,Scarborough,13,GB,1627862419,87,54.2797,-0.4044,54.54,7.52
465,Balyqshy,0,KZ,1627862500,43,47.0667,51.8667,69.8,2.24
466,Severo-Yeniseyskiy,88,RU,1627862501,72,60.3725,93.0408,57.09,3.69
467,Praia,75,CV,1627862364,73,14.9215,-23.5087,77.54,6.91
468,Sibut,100,CF,1627862501,97,5.718,19.0739,69.35,2.75
469,Isangel,75,VU,1627862257,83,-19.55,169.2667,71.71,5.75
470,Saint-Ambroise,69,CA,1627862502,81,48.5501,-71.3324,61.12,4.32
471,Esperance,70,AU,1627862503,63,-33.8667,121.9,53.82,20.89
472,Kismayo,61,SO,1627862503,84,-0.3582,42.5454,74.98,18.16
473,Alofi,73,NU,1627862504,70,-19.0595,-169.9187,76.42,26.64
474,Verkhoyansk,0,RU,1627862504,34,67.5447,133.385,65.71,2.46
475,Paita,0,PE,1627862504,79,-5.0892,-81.1144,66.6,18.03
476,Wajima,38,JP,1627862505,73,37.4,136.9,83.39,1.25
477,Nagybajom,53,HU,1627862505,88,46.3923,17.5115,61.36,10.07
478,Marawi,100,PH,1627862505,81,7.9986,124.2928,77.65,4.72
479,Yuli,100,NG,1627862375,92,9.6989,10.2744,72.27,1.92
480,Cabedelo,6,BR,1627862506,79,-6.9811,-34.8339,74.12,16.67
481,Gulbene,100,LV,1627862507,91,57.1777,26.7529,59.2,4.45
482,Abu Samrah,0,SY,1627862258,46,35.3029,37.1841,78.04,6.31
483,San Quintín,24,MX,1627862507,60,30.4833,-115.95,76.06,14.85
484,Davila,100,PH,1627862507,88,18.4726,120.5763,81.57,25.03
485,Port Hardy,3,CA,1627862508,73,50.6996,-127.4199,64.51,13.38
486,Karpathos,0,GR,1627862508,73,35.507,27.2132,80.69,18.57
487,Motril,51,ES,1627862509,47,36.7507,-3.5179,75.81,1.74
488,Oskemen,1,KZ,1627862510,87,49.9565,82.6119,51.76,0.0
489,Kangaatsiaq,0,GL,1627862510,87,68.3065,-53.4641,44.01,12.53
490,Lompoc,1,US,1627862510,65,34.6391,-120.4579,88.02,11.01
491,Yining,0,CN,1627862511,75,29.0361,114.5636,84.54,1.68
492,Half Moon Bay,20,US,1627862220,66,37.4636,-122.4286,86.74,12.66
493,Ust'-Kulom,12,RU,1627862511,96,61.6864,53.6902,52.43,4.7
494,Candolim,99,IN,1627862512,81,15.5181,73.7626,80.15,17.72
495,Campbell River,63,CA,1627862414,48,50.0163,-125.2446,79.27,1.99
496,Carolina,25,PR,1627862512,86,18.3808,-65.9574,82.76,8.01
497,Flinders,8,AU,1627862513,87,-34.5833,150.8552,57.2,1.01
498,Aripuanã,12,BR,1627862513,41,-9.1667,-60.6333,76.89,2.64
499,Altay,17,CN,1627862510,47,47.8667,88.1167,63.34,3.4
500,Port Blair,100,IN,1627862225,82,11.6667,92.75,81.99,18.84
501,Yaan,100,NG,1627862514,96,7.3833,8.5667,71.35,2.42
502,Labuhan,9,ID,1627862514,76,-6.8844,112.2051,77.74,9.37
503,Cape Coast,28,GH,1627862515,92,5.1053,-1.2466,74.95,7.02
504,Ponta Delgada,40,PT,1627862385,94,37.7333,-25.6667,74.12,9.22
505,Ahipara,67,NZ,1627862516,70,-35.1667,173.1667,57.69,9.31
506,Port Keats,70,AU,1627862516,70,-14.25,129.55,80.38,2.53
507,Victoria Point,2,AU,1627862516,78,-27.5833,153.3,75.18,5.01
508,Corrales,40,US,1627862387,51,35.2378,-106.6067,84.63,5.01
509,Barranca,8,PE,1627862517,83,-10.75,-77.7667,63.5,8.77
510,Soyo,47,AO,1627862517,88,-6.1349,12.3689,71.6,3.69
511,Viljoenskroon,3,ZA,1627862518,37,-27.2084,26.9485,44.49,4.61
512,Bereket,41,TM,1627862518,14,39.2446,55.5154,82.71,5.08
513,Correntina,63,BR,1627862519,45,-13.3433,-44.6367,67.73,4.32
514,Shenjiamen,100,CN,1627862519,91,29.9576,122.298,79.75,7.14
515,Natchitoches,1,US,1627862519,62,31.7668,-93.1335,95.68,8.05
516,Burgos,0,ES,1627862520,87,42.3394,-3.7079,52.21,6.91
517,Port Macquarie,94,AU,1627862520,75,-31.4333,152.9167,61.16,4.63
518,Sorada,85,IN,1627862521,80,19.75,84.4333,78.1,3.56
519,Puro,100,PH,1627862521,76,12.4841,123.3827,84.67,20.69
520,Labytnangi,100,RU,1627862522,96,66.6572,66.4183,55.65,3.74
521,Kānke,100,IN,1627862522,92,23.4333,85.3167,71.26,5.64
522,Xiaoweizhai,7,CN,1627862523,85,26.1903,107.5125,76.01,2.35
523,Presidencia Roque Sáenz Peña,0,AR,1627862523,45,-26.7852,-60.4388,56.66,5.08
524,Villarrica,15,PY,1627862524,61,-25.75,-56.4333,57.85,4.41
525,Mahabalipuram,100,IN,1627862524,58,12.6264,80.1722,84.25,9.31
526,Jalu,3,LY,1627862524,30,29.0331,21.5482,84.11,9.71
527,Sinnamary,51,GF,1627862525,82,5.3833,-52.95,78.66,7.74
528,Sanghar,97,PK,1627862525,72,26.0466,68.9481,80.67,21.27
529,Vila Franca do Campo,90,PT,1627862526,95,37.7167,-25.4333,73.81,7.78
530,Bilibino,78,RU,1627862526,50,68.0546,166.4372,46.31,8.66
531,Guerrero Negro,3,MX,1627862526,61,27.9769,-114.0611,80.47,15.95
532,Imeni Poliny Osipenko,95,RU,1627862527,78,52.4201,136.4853,59.52,1.3
533,Ouallam,64,NE,1627862527,56,14.3188,2.0866,85.28,15.23
534,San Angelo,1,US,1627862528,94,31.4638,-100.437,85.64,5.75
535,Micomeseng,98,GQ,1627862528,98,2.1462,10.6164,68.72,3.69
536,Keningau,100,MY,1627862529,96,5.3378,116.1602,73.85,1.57
537,Zliten,0,LY,1627862529,44,32.4674,14.5687,83.8,5.55
538,Qeshm,20,IR,1627862530,74,26.9581,56.2719,89.08,6.73
539,Korla,100,CN,1627862271,18,41.7597,86.1469,75.15,4.43
540,Elizabeth City,90,US,1627862530,95,36.2946,-76.2511,82.02,6.76
541,Berbera,41,SO,1627862531,39,10.4396,45.0143,89.98,26.13
542,Cho Dok,94,VN,1627862531,79,10.7,105.1167,80.2,9.53
543,Rabo de Peixe,40,PT,1627862421,94,37.8,-25.5833,72.91,9.22
544,Klaksvík,71,FO,1627862289,81,62.2266,-6.589,47.32,6.35
545,Agde,0,FR,1627862532,71,43.3108,3.4758,67.86,1.01
546,Uga,99,NG,1627862533,91,5.9358,7.0793,72.23,3.76
547,Osmeña,95,PH,1627862533,78,10.5208,119.9258,84.11,12.21
548,Yangambi,100,CD,1627862534,82,0.8102,24.4336,73.11,2.37
549,Sawtell,75,AU,1627862534,68,-30.3833,153.1,66.18,13.8
550,Balikpapan,82,ID,1627862527,90,-1.2675,116.8289,76.71,6.49
551,Polson,28,US,1627862534,82,47.6936,-114.1632,95.14,19.91
552,Noumea,37,NC,1627862414,99,-22.2763,166.4572,73.0,8.84
